5.000000e-03 1.240266e-272 
5.046264e-03 1.240265e-272 
5.092957e-03 1.240264e-272 
5.140081e-03 1.240264e-272 
5.187642e-03 1.240263e-272 
5.235643e-03 1.240262e-272 
5.284088e-03 1.240262e-272 
5.332981e-03 1.240262e-272 
5.382326e-03 1.280829e-272 
5.432128e-03 3.954435e-272 
5.482391e-03 5.026102e-271 
5.533119e-03 2.013287e-269 
5.584316e-03 1.945726e-267 
5.635987e-03 3.473230e-265 
5.688136e-03 8.766689e-263 
5.740768e-03 2.395311e-260 
5.793887e-03 5.423586e-258 
5.847497e-03 8.598436e-256 
5.901603e-03 1.431162e-253 
5.956210e-03 2.606187e-251 
6.011322e-03 4.950955e-249 
6.066944e-03 9.355310e-247 
6.123081e-03 1.676611e-244 
6.179737e-03 2.717255e-242 
6.236918e-03 3.797273e-240 
6.294627e-03 4.362904e-238 
6.352871e-03 4.273162e-236 
6.411653e-03 4.132552e-234 
6.470979e-03 3.967370e-232 
6.530854e-03 3.784411e-230 
6.591284e-03 3.590053e-228 
6.652272e-03 3.390051e-226 
6.713825e-03 3.189409e-224 
6.775947e-03 2.992324e-222 
6.838644e-03 2.803663e-220 
6.901921e-03 2.736482e-218 
6.965784e-03 2.796163e-216 
7.030238e-03 2.902358e-214 
7.095288e-03 2.969437e-212 
7.160939e-03 2.905677e-210 
7.227199e-03 2.638678e-208 
7.294071e-03 2.157780e-206 
7.361563e-03 1.541789e-204 
7.429678e-03 9.220613e-203 
7.498424e-03 4.148151e-201 
7.567806e-03 1.449655e-199 
7.637830e-03 4.184224e-198 
7.708502e-03 1.060548e-196 
7.779828e-03 2.509783e-195 
7.851814e-03 5.895992e-194 
7.924466e-03 1.461900e-192 
7.997790e-03 4.067647e-191 
8.071793e-03 1.276335e-189 
8.146480e-03 4.023635e-188 
8.221859e-03 1.269289e-186 
8.297935e-03 4.018849e-185 
8.374714e-03 1.281010e-183 
8.452205e-03 4.123095e-182 
8.530412e-03 1.344081e-180 
8.609343e-03 4.451122e-179 
8.689004e-03 1.502099e-177 
8.769403e-03 5.467783e-176 
8.850545e-03 2.211185e-174 
8.932438e-03 9.677592e-173 
9.015089e-03 4.465452e-171 
9.098504e-03 2.116152e-169 
9.182692e-03 1.003319e-167 
9.267658e-03 4.636276e-166 
9.353411e-03 2.034066e-164 
9.439957e-03 8.268948e-163 
9.527304e-03 3.128036e-161 
9.615459e-03 1.106590e-159 
9.704429e-03 3.661657e-158 
9.794223e-03 1.133512e-156 
9.884848e-03 3.283329e-155 
9.976312e-03 8.900706e-154 
1.006862e-02 2.258595e-152 
1.016179e-02 5.365843e-151 
1.025581e-02 1.102180e-149 
1.035071e-02 1.558446e-148 
1.044648e-02 1.635703e-147 
1.054314e-02 1.408842e-146 
1.064070e-02 1.100873e-145 
1.073915e-02 8.627815e-145 
1.083852e-02 7.497642e-144 
1.093881e-02 7.986945e-143 
1.104002e-02 1.153029e-141 
1.114218e-02 2.424881e-140 
1.124527e-02 6.966671e-139 
1.134932e-02 2.460420e-137 
1.145434e-02 9.611771e-136 
1.156032e-02 3.737394e-134 
1.166729e-02 1.301569e-132 
1.177525e-02 3.653078e-131 
1.188420e-02 7.435427e-130 
1.199416e-02 1.003721e-128 
1.210515e-02 1.148700e-127 
1.221715e-02 1.263789e-126 
1.233020e-02 1.353165e-125 
1.244429e-02 1.427479e-124 
1.255943e-02 1.501986e-123 
1.267564e-02 1.595782e-122 
1.279293e-02 1.733113e-121 
1.291130e-02 1.947872e-120 
1.303077e-02 2.302339e-119 
1.315134e-02 2.901257e-118 
1.327303e-02 3.808434e-117 
1.339584e-02 5.071653e-116 
1.351979e-02 6.672597e-115 
1.364489e-02 8.446600e-114 
1.377114e-02 1.001867e-112 
1.389857e-02 1.084373e-111 
1.402717e-02 1.043008e-110 
1.415696e-02 9.174030e-110 
1.428795e-02 7.967593e-109 
1.442016e-02 6.856211e-108 
1.455359e-02 5.860197e-107 
1.468825e-02 4.987606e-106 
1.482416e-02 4.237454e-105 
1.496132e-02 3.602731e-104 
1.509976e-02 3.072936e-103 
1.523947e-02 2.635876e-102 
1.538048e-02 2.272478e-101 
1.552280e-02 1.965675e-100 
1.566643e-02 1.704188e-99 
1.581139e-02 1.479360e-98 
1.595769e-02 1.284511e-97 
1.610534e-02 1.114464e-96 
1.625436e-02 9.651948e-96 
1.640476e-02 8.335694e-95 
1.655656e-02 6.677707e-94 
1.670975e-02 3.358473e-93 
1.686437e-02 1.113433e-92 
1.702041e-02 2.768055e-92 
1.717790e-02 5.870207e-92 
1.733684e-02 1.208039e-91 
1.749726e-02 2.744335e-91 
1.765916e-02 7.828931e-91 
1.782256e-02 3.190489e-90 
1.798747e-02 2.230076e-89 
1.815390e-02 2.858997e-88 
1.832188e-02 5.589046e-87 
1.849141e-02 1.377672e-85 
1.866251e-02 3.540719e-84 
1.883519e-02 7.845649e-83 
1.900947e-02 1.239401e-81 
1.918536e-02 1.154234e-80 
1.936288e-02 5.265223e-80 
1.954204e-02 1.648878e-79 
1.972287e-02 4.847992e-79 
1.990536e-02 1.362414e-78 
2.008954e-02 3.725648e-78 
2.027543e-02 1.009282e-77 
2.046303e-02 2.757484e-77 
2.065238e-02 7.735268e-77 
2.084347e-02 2.268149e-76 
2.103633e-02 7.033736e-76 
2.123098e-02 2.215819e-75 
2.142743e-02 7.031511e-75 
2.162569e-02 2.254183e-74 
2.182579e-02 7.321769e-74 
2.202774e-02 2.416512e-73 
2.223156e-02 8.127714e-73 
2.243727e-02 2.793921e-72 
2.264488e-02 9.844333e-72 
2.285441e-02 4.119403e-71 
2.306588e-02 2.803090e-70 
2.327930e-02 2.734801e-69 
2.349471e-02 3.296121e-68 
2.371210e-02 4.228365e-67 
2.393150e-02 4.974352e-66 
2.415294e-02 4.623794e-65 
2.437642e-02 2.925912e-64 
2.460198e-02 1.086293e-63 
2.482962e-02 2.871794e-63 
2.505936e-02 7.046903e-63 
2.529123e-02 1.622947e-62 
2.552525e-02 3.547268e-62 
2.576143e-02 7.440288e-62 
2.599980e-02 1.514308e-61 
2.624037e-02 3.024054e-61 
2.648317e-02 5.991543e-61 
2.672822e-02 1.183989e-60 
2.697553e-02 2.199515e-60 
2.722513e-02 3.844227e-60 
2.747704e-02 6.476041e-60 
2.773129e-02 1.077318e-59 
2.798788e-02 1.813126e-59 
2.824685e-02 3.162835e-59 
2.850821e-02 5.858757e-59 
2.877200e-02 1.180674e-58 
2.903822e-02 3.007932e-58 
2.930691e-02 1.415238e-57 
2.957808e-02 1.083784e-56 
2.985176e-02 1.141220e-55 
3.012798e-02 1.395957e-54 
3.040675e-02 1.675764e-53 
3.068810e-02 1.667840e-52 
3.097205e-02 1.162675e-51 
3.125863e-02 4.796091e-51 
3.154787e-02 1.371699e-50 
3.183978e-02 3.776002e-50 
3.213439e-02 9.943792e-50 
3.243172e-02 2.487875e-49 
3.273181e-02 5.873160e-49 
3.303467e-02 1.299247e-48 
3.334034e-02 2.674846e-48 
3.364883e-02 5.089821e-48 
3.396018e-02 8.919814e-48 
3.427441e-02 1.531854e-47 
3.459155e-02 2.635427e-47 
3.491162e-02 4.519691e-47 
3.523465e-02 7.688532e-47 
3.556068e-02 1.290944e-46 
3.588971e-02 2.128888e-46 
3.622180e-02 3.431094e-46 
3.655695e-02 5.377730e-46 
3.689521e-02 8.197175e-46 
3.723660e-02 1.240313e-45 
3.758114e-02 1.869435e-45 
3.792888e-02 2.808814e-45 
3.827983e-02 4.210086e-45 
3.863403e-02 6.299930e-45 
3.899151e-02 9.418435e-45 
3.935229e-02 1.407802e-44 
3.971641e-02 2.105455e-44 
4.008390e-02 3.114344e-44 
4.045479e-02 4.489407e-44 
4.082912e-02 6.355107e-44 
4.120691e-02 8.904270e-44 
4.158819e-02 1.244644e-43 
4.197300e-02 1.749419e-43 
4.236137e-02 2.492149e-43 
4.275334e-02 3.626733e-43 
4.314893e-02 5.503461e-43 
4.354818e-02 1.387321e-42 
4.395113e-02 6.429102e-42 
4.435780e-02 4.578911e-41 
4.476824e-02 4.190047e-40 
4.518247e-02 4.118383e-39 
4.560054e-02 3.634895e-38 
4.602248e-02 2.408357e-37 
4.644832e-02 1.001428e-36 
4.687810e-02 2.386703e-36 
4.731186e-02 5.072709e-36 
4.774963e-02 1.046408e-35 
4.819145e-02 2.084247e-35 
4.863736e-02 3.987973e-35 
4.908740e-02 7.292530e-35 
4.954160e-02 1.267929e-34 
5.000000e-02 2.085308e-34 
5.046264e-02 3.227541e-34 
5.092957e-02 4.784796e-34 
5.140081e-02 7.102116e-34 
5.187642e-02 1.054893e-33 
5.235643e-02 1.564737e-33 
5.284088e-02 2.313146e-33 
5.332981e-02 3.401023e-33 
5.382326e-02 4.963373e-33 
5.432128e-02 7.174994e-33 
5.482391e-02 1.025393e-32 
5.533119e-02 1.457970e-32 
5.584316e-02 2.073036e-32 
5.635987e-02 2.947264e-32 
5.688136e-02 4.189281e-32 
5.740768e-02 5.952816e-32 
5.793887e-02 8.455167e-32 
5.847497e-02 1.200309e-31 
5.901603e-02 1.702898e-31 
5.956210e-02 2.414265e-31 
6.011322e-02 3.421396e-31 
6.066944e-02 4.846096e-31 
6.123081e-02 6.858863e-31 
6.179737e-02 9.698064e-31 
6.236918e-02 1.369595e-30 
6.294627e-02 1.931409e-30 
6.352871e-02 2.719151e-30 
6.411653e-02 3.820941e-30 
6.470979e-02 5.338998e-30 
6.530854e-02 7.351866e-30 
6.591284e-02 9.986130e-30 
6.652272e-02 1.340048e-29 
6.713825e-02 1.779218e-29 
6.775947e-02 2.340914e-29 
6.838644e-02 3.056687e-29 
6.901921e-02 3.967234e-29 
6.965784e-02 5.125757e-29 
7.030238e-02 6.607281e-29 
7.095288e-02 8.502369e-29 
7.160939e-02 1.091390e-28 
7.227199e-02 1.396409e-28 
7.294071e-02 1.779545e-28 
7.361563e-02 2.257038e-28 
7.429678e-02 2.846904e-28 
7.498424e-02 3.568460e-28 
7.567806e-02 4.443253e-28 
7.637830e-02 5.521038e-28 
7.708502e-02 6.857089e-28 
7.779828e-02 8.513371e-28 
7.851814e-02 1.056695e-27 
7.924466e-02 1.311377e-27 
7.997790e-02 1.627342e-27 
8.071793e-02 2.019513e-27 
8.146480e-02 2.506542e-27 
8.221859e-02 3.110442e-27 
8.297935e-02 3.854212e-27 
8.374714e-02 4.770319e-27 
8.452205e-02 5.900003e-27 
8.530412e-02 7.295328e-27 
8.609343e-02 9.022353e-27 
8.689004e-02 1.116534e-26 
8.769403e-02 1.383235e-26 
8.850545e-02 1.716272e-26 
8.932438e-02 2.754256e-26 
9.015089e-02 7.189971e-26 
9.098504e-02 2.667220e-25 
9.182692e-02 1.227174e-24 
9.267658e-02 6.111896e-24 
9.353411e-02 2.875907e-23 
9.439957e-02 1.115860e-22 
9.527304e-02 3.115925e-22 
9.615459e-02 5.564809e-22 
9.704429e-02 8.480821e-22 
9.794223e-02 1.273474e-21 
9.884848e-02 1.881354e-21 
9.976312e-02 2.730501e-21 
1.006862e-01 3.887488e-21 
1.016179e-01 5.421432e-21 
1.025581e-01 7.395042e-21 
1.035071e-01 9.851728e-21 
1.044648e-01 1.285889e-20 
1.054314e-01 1.678540e-20 
1.064070e-01 2.194074e-20 
1.073915e-01 2.867296e-20 
1.083852e-01 3.740294e-20 
1.093881e-01 4.862520e-20 
1.104002e-01 6.289988e-20 
1.114218e-01 8.083165e-20 
1.124527e-01 1.030307e-19 
1.134932e-01 1.306296e-19 
1.145434e-01 1.657309e-19 
1.156032e-01 2.102039e-19 
1.166729e-01 2.662543e-19 
1.177525e-01 3.364457e-19 
1.188420e-01 4.236812e-19 
1.199416e-01 5.311448e-19 
1.210515e-01 6.621856e-19 
1.221715e-01 8.202058e-19 
1.233020e-01 1.012473e-18 
1.244429e-01 1.248054e-18 
1.255943e-01 1.536412e-18 
1.267564e-01 1.889044e-18 
1.279293e-01 2.319914e-18 
1.291130e-01 2.845986e-18 
1.303077e-01 3.487868e-18 
1.315134e-01 4.270605e-18 
1.327303e-01 5.222861e-18 
1.339584e-01 6.368662e-18 
1.351979e-01 7.747558e-18 
1.364489e-01 9.412487e-18 
1.377114e-01 1.143175e-17 
1.389857e-01 1.389428e-17 
1.402717e-01 1.691687e-17 
1.415696e-01 2.065432e-17 
1.428795e-01 2.531364e-17 
1.442016e-01 3.116047e-17 
1.455359e-01 3.850055e-17 
1.468825e-01 4.772777e-17 
1.482416e-01 5.934087e-17 
1.496132e-01 7.396944e-17 
1.509976e-01 9.240673e-17 
1.523947e-01 1.156498e-16 
1.538048e-01 1.449485e-16 
1.552280e-01 1.818638e-16 
1.566643e-01 2.283328e-16 
1.581139e-01 2.868595e-16 
1.595769e-01 3.606682e-16 
1.610534e-01 4.538817e-16 
1.625436e-01 5.717848e-16 
1.640476e-01 7.211677e-16 
1.655656e-01 9.107775e-16 
1.670975e-01 1.151912e-15 
1.686437e-01 1.459129e-15 
1.702041e-01 1.850423e-15 
1.717790e-01 2.349207e-15 
1.733684e-01 2.985809e-15 
1.749726e-01 3.799362e-15 
1.765916e-01 4.840439e-15 
1.782256e-01 6.174498e-15 
1.798747e-01 7.886400e-15 
1.815390e-01 1.008634e-14 
1.832188e-01 1.292121e-14 
1.849141e-01 1.658919e-14 
1.866251e-01 2.133576e-14 
1.883519e-01 2.747497e-14 
1.900947e-01 3.540775e-14 
1.918536e-01 4.564324e-14 
1.936288e-01 5.882437e-14 
1.954204e-01 7.575758e-14 
1.972287e-01 9.744699e-14 
1.990536e-01 1.252052e-13 
2.008954e-01 1.606990e-13 
2.027543e-01 2.059363e-13 
2.046303e-01 2.633738e-13 
2.065238e-01 3.359883e-13 
2.084347e-01 4.273455e-13 
2.103633e-01 5.416629e-13 
2.123098e-01 6.838574e-13 
2.142743e-01 8.588883e-13 
2.162569e-01 1.061804e-12 
2.182579e-01 1.289833e-12 
2.202774e-01 1.542454e-12 
2.223156e-01 1.819235e-12 
2.243727e-01 2.120173e-12 
2.264488e-01 2.446064e-12 
2.285441e-01 2.798896e-12 
2.306588e-01 3.182264e-12 
2.327930e-01 3.603010e-12 
2.349471e-01 4.072272e-12 
2.371210e-01 4.597515e-12 
2.393150e-01 5.187239e-12 
2.415294e-01 5.851776e-12 
2.437642e-01 6.603728e-12 
2.460198e-01 7.458514e-12 
2.482962e-01 8.435070e-12 
2.505936e-01 9.556746e-12 
2.529123e-01 1.084047e-11 
2.552525e-01 1.229660e-11 
2.576143e-01 1.394871e-11 
2.599980e-01 1.582380e-11 
2.624037e-01 1.795270e-11 
2.648317e-01 2.037073e-11 
2.672822e-01 2.311833e-11 
2.697553e-01 2.624186e-11 
2.722513e-01 2.979561e-11 
2.747704e-01 3.386643e-11 
2.773129e-01 3.853532e-11 
2.798788e-01 4.387978e-11 
2.824685e-01 4.998385e-11 
2.850821e-01 5.693753e-11 
2.877200e-01 6.483580e-11 
2.903822e-01 7.377721e-11 
2.930691e-01 8.386186e-11 
2.957808e-01 9.516265e-11 
2.985176e-01 1.076521e-10 
3.012798e-01 1.214260e-10 
3.040675e-01 1.366160e-10 
3.068810e-01 1.533767e-10 
3.097205e-01 1.718908e-10 
3.125863e-01 1.923751e-10 
3.154787e-01 2.150876e-10 
3.183978e-01 2.403364e-10 
3.213439e-01 2.684014e-10 
3.243172e-01 2.994193e-10 
3.273181e-01 3.335767e-10 
3.303467e-01 3.710448e-10 
3.334034e-01 4.119703e-10 
3.364883e-01 4.564657e-10 
3.396018e-01 5.045999e-10 
3.427441e-01 5.563869e-10 
3.459155e-01 6.117849e-10 
3.491162e-01 6.712548e-10 
3.523465e-01 7.353153e-10 
3.556068e-01 8.043099e-10 
3.588971e-01 8.786232e-10 
3.622180e-01 9.586882e-10 
3.655695e-01 1.044993e-09 
3.689521e-01 1.138090e-09 
3.723660e-01 1.238606e-09 
3.758114e-01 1.347257e-09 
3.792888e-01 1.464737e-09 
3.827983e-01 1.591519e-09 
3.863403e-01 1.728024e-09 
3.899151e-01 1.874633e-09 
3.935229e-01 2.031678e-09 
3.971641e-01 2.199419e-09 
4.008390e-01 2.378039e-09 
4.045479e-01 2.567620e-09 
4.082912e-01 2.767058e-09 
4.120691e-01 2.974157e-09 
4.158819e-01 3.189334e-09 
4.197300e-01 3.413291e-09 
4.236137e-01 3.646955e-09 
4.275334e-01 3.891509e-09 
4.314893e-01 4.148423e-09 
4.354818e-01 4.419491e-09 
4.395113e-01 4.706842e-09 
4.435780e-01 5.008238e-09 
4.476824e-01 5.320312e-09 
4.518247e-01 5.641883e-09 
4.560054e-01 5.971506e-09 
4.602248e-01 6.307459e-09 
4.644832e-01 6.647737e-09 
4.687810e-01 6.990045e-09 
4.731186e-01 7.331804e-09 
4.774963e-01 7.669892e-09 
4.819145e-01 7.998385e-09 
4.863736e-01 8.312433e-09 
4.908740e-01 8.607527e-09 
4.954160e-01 8.879014e-09 
5.000000e-01 9.122183e-09 
5.046264e-01 9.332376e-09 
5.092957e-01 9.505099e-09 
5.140081e-01 9.636155e-09 
5.187642e-01 9.732527e-09 
5.235643e-01 9.823462e-09 
5.284088e-01 9.911349e-09 
5.332981e-01 9.996753e-09 
5.382326e-01 1.008027e-08 
5.432128e-01 1.016250e-08 
5.482391e-01 1.024409e-08 
5.533119e-01 1.032570e-08 
5.584316e-01 1.040800e-08 
5.635987e-01 1.049050e-08 
5.688136e-01 1.057174e-08 
5.740768e-01 1.065092e-08 
5.793887e-01 1.072722e-08 
5.847497e-01 1.079979e-08 
5.901603e-01 1.086778e-08 
5.956210e-01 1.093031e-08 
6.011322e-01 1.098649e-08 
6.066944e-01 1.102551e-08 
6.123081e-01 1.091473e-08 
6.179737e-01 1.063941e-08 
6.236918e-01 1.023786e-08 
6.294627e-01 9.749555e-09 
6.352871e-01 9.211728e-09 
6.411653e-01 8.657152e-09 
6.470979e-01 8.113036e-09 
6.530854e-01 7.600866e-09 
6.591284e-01 7.105182e-09 
6.652272e-01 6.540886e-09 
6.713825e-01 5.950169e-09 
6.775947e-01 5.375951e-09 
6.838644e-01 4.848604e-09 
6.901921e-01 4.387483e-09 
6.965784e-01 4.003627e-09 
7.030238e-01 3.702826e-09 
7.095288e-01 3.488642e-09 
7.160939e-01 3.338789e-09 
7.227199e-01 3.218348e-09 
7.294071e-01 3.123488e-09 
7.361563e-01 3.051243e-09 
7.429678e-01 2.999241e-09 
7.498424e-01 2.965589e-09 
7.567806e-01 2.948783e-09 
7.637830e-01 2.947641e-09 
7.708502e-01 2.960808e-09 
7.779828e-01 2.977894e-09 
7.851814e-01 2.995903e-09 
7.924466e-01 3.016411e-09 
7.997790e-01 3.041046e-09 
8.071793e-01 3.071499e-09 
8.146480e-01 3.109552e-09 
8.221859e-01 3.157115e-09 
8.297935e-01 3.216278e-09 
8.374714e-01 3.287200e-09 
8.452205e-01 3.360917e-09 
8.530412e-01 3.436914e-09 
8.609343e-01 3.516183e-09 
8.689004e-01 3.599803e-09 
8.769403e-01 3.688953e-09 
8.850545e-01 3.784925e-09 
8.932438e-01 3.889141e-09 
9.015089e-01 4.003179e-09 
9.098504e-01 4.126077e-09 
9.182692e-01 4.253906e-09 
9.267658e-01 4.386448e-09 
9.353411e-01 4.523520e-09 
9.439957e-01 4.664905e-09 
9.527304e-01 4.810339e-09 
9.615459e-01 4.959518e-09 
9.704429e-01 5.112086e-09 
9.794223e-01 5.267667e-09 
9.884848e-01 5.427378e-09 
9.976312e-01 5.591952e-09 
1.006862e+00 5.761339e-09 
1.016179e+00 5.935472e-09 
1.025581e+00 6.114263e-09 
1.035071e+00 6.297600e-09 
1.044648e+00 6.485349e-09 
1.054314e+00 6.677349e-09 
1.064070e+00 6.873262e-09 
1.073915e+00 7.071991e-09 
1.083852e+00 7.273537e-09 
1.093881e+00 7.478140e-09 
1.104002e+00 7.686075e-09 
1.114218e+00 7.897646e-09 
1.124527e+00 8.113191e-09 
1.134932e+00 8.333084e-09 
1.145434e+00 8.557733e-09 
1.156032e+00 8.787186e-09 
1.166729e+00 9.020730e-09 
1.177525e+00 9.258262e-09 
1.188420e+00 9.499698e-09 
1.199416e+00 9.744942e-09 
1.210515e+00 9.993888e-09 
1.221715e+00 1.024642e-08 
1.233020e+00 1.050240e-08 
1.244429e+00 1.076170e-08 
1.255943e+00 1.102418e-08 
1.267564e+00 1.128973e-08 
1.279293e+00 1.155820e-08 
1.291130e+00 1.182944e-08 
1.303077e+00 1.210329e-08 
1.315134e+00 1.237957e-08 
1.327303e+00 1.265809e-08 
1.339584e+00 1.293867e-08 
1.351979e+00 1.322122e-08 
1.364489e+00 1.350687e-08 
1.377114e+00 1.379589e-08 
1.389857e+00 1.408827e-08 
1.402717e+00 1.438399e-08 
1.415696e+00 1.468300e-08 
1.428795e+00 1.498528e-08 
1.442016e+00 1.529081e-08 
1.455359e+00 1.559955e-08 
1.468825e+00 1.591174e-08 
1.482416e+00 1.622800e-08 
1.496132e+00 1.654814e-08 
1.509976e+00 1.687186e-08 
1.523947e+00 1.719887e-08 
1.538048e+00 1.752881e-08 
1.552280e+00 1.786135e-08 
1.566643e+00 1.819610e-08 
1.581139e+00 1.853266e-08 
1.595769e+00 1.887103e-08 
1.610534e+00 1.921137e-08 
1.625436e+00 1.955348e-08 
1.640476e+00 1.989718e-08 
1.655656e+00 2.024223e-08 
1.670975e+00 2.058843e-08 
1.686437e+00 2.093554e-08 
1.702041e+00 2.128334e-08 
1.717790e+00 2.163169e-08 
1.733684e+00 2.198234e-08 
1.749726e+00 2.233566e-08 
1.765916e+00 2.269141e-08 
1.782256e+00 2.304928e-08 
1.798747e+00 2.340899e-08 
1.815390e+00 2.377022e-08 
1.832188e+00 2.413263e-08 
1.849141e+00 2.449588e-08 
1.866251e+00 2.486029e-08 
1.883519e+00 2.522817e-08 
1.900947e+00 2.559944e-08 
1.918536e+00 2.597374e-08 
1.936288e+00 2.635070e-08 
1.954204e+00 2.672990e-08 
1.972287e+00 2.711094e-08 
1.990536e+00 2.749336e-08 
2.008954e+00 2.787671e-08 
2.027543e+00 2.826256e-08 
2.046303e+00 2.865302e-08 
2.065238e+00 2.904739e-08 
2.084347e+00 2.944489e-08 
2.103633e+00 2.984471e-08 
2.123098e+00 3.024598e-08 
2.142743e+00 3.064781e-08 
2.162569e+00 3.104925e-08 
2.182579e+00 3.144950e-08 
2.202774e+00 3.185274e-08 
2.223156e+00 3.226107e-08 
2.243727e+00 3.267458e-08 
2.264488e+00 3.309337e-08 
2.285441e+00 3.351751e-08 
2.306588e+00 3.394710e-08 
2.327930e+00 3.438224e-08 
2.349471e+00 3.482303e-08 
2.371210e+00 3.526954e-08 
2.393150e+00 3.572183e-08 
2.415294e+00 3.617995e-08 
2.437642e+00 3.664398e-08 
2.460198e+00 3.711399e-08 
2.482962e+00 3.759004e-08 
2.505936e+00 3.807222e-08 
2.529123e+00 3.856058e-08 
2.552525e+00 3.905521e-08 
2.576143e+00 3.955945e-08 
2.599980e+00 4.007852e-08 
2.624037e+00 4.061156e-08 
2.648317e+00 4.115753e-08 
2.672822e+00 4.171534e-08 
2.697553e+00 4.228383e-08 
2.722513e+00 4.286175e-08 
2.747704e+00 4.344780e-08 
2.773129e+00 4.404128e-08 
2.798788e+00 4.467588e-08 
2.824685e+00 4.536691e-08 
2.850821e+00 4.610855e-08 
2.877200e+00 4.689462e-08 
2.903822e+00 4.771856e-08 
2.930691e+00 4.857329e-08 
2.957808e+00 4.945122e-08 
2.985176e+00 5.034414e-08 
3.012798e+00 5.130540e-08 
3.040675e+00 5.267960e-08 
3.068810e+00 5.431400e-08 
3.097205e+00 5.603594e-08 
3.125863e+00 5.895060e-08 
3.154787e+00 6.322029e-08 
3.183978e+00 6.996466e-08 
3.213439e+00 1.046839e-07 
3.243172e+00 1.670095e-07 
3.273181e+00 1.914042e-07 
3.303467e+00 1.777183e-07 
3.334034e+00 1.535239e-07 
3.364883e+00 1.264997e-07 
3.396018e+00 9.749031e-08 
3.427441e+00 7.854794e-08 
3.459155e+00 7.288041e-08 
3.491162e+00 7.099079e-08 
3.523465e+00 7.075020e-08 
3.556068e+00 7.106924e-08 
3.588971e+00 7.145515e-08 
3.622180e+00 7.227671e-08 
3.655695e+00 7.333182e-08 
3.689521e+00 7.451247e-08 
3.723660e+00 7.591443e-08 
3.758114e+00 7.741691e-08 
3.792888e+00 7.905331e-08 
3.827983e+00 8.081929e-08 
3.863403e+00 8.269700e-08 
3.899151e+00 8.471426e-08 
3.935229e+00 8.685867e-08 
3.971641e+00 8.914077e-08 
4.008390e+00 9.156451e-08 
4.045479e+00 9.413443e-08 
4.082912e+00 9.686323e-08 
4.120691e+00 9.976168e-08 
4.158819e+00 1.028402e-07 
4.197300e+00 1.061184e-07 
4.236137e+00 1.096067e-07 
4.275334e+00 1.133259e-07 
4.314893e+00 1.172927e-07 
4.354818e+00 1.215270e-07 
4.395113e+00 1.260551e-07 
4.435780e+00 1.308964e-07 
4.476824e+00 1.360913e-07 
4.518247e+00 1.416629e-07 
4.560054e+00 1.476637e-07 
4.602248e+00 1.541178e-07 
4.644832e+00 1.610907e-07 
4.687810e+00 1.686167e-07 
4.731186e+00 1.767845e-07 
4.774963e+00 1.856425e-07 
4.819145e+00 1.953064e-07 
4.863736e+00 2.058354e-07 
4.908740e+00 2.173833e-07 
4.954160e+00 2.300413e-07 
5.000000e+00 2.440295e-07 
5.046264e+00 2.594590e-07 
5.092957e+00 2.766473e-07 
5.140081e+00 2.957869e-07 
5.187642e+00 3.173530e-07 
5.235643e+00 3.416610e-07 
5.284088e+00 3.693715e-07 
5.332981e+00 4.011463e-07 
5.382326e+00 4.378608e-07 
5.432128e+00 4.810220e-07 
5.482391e+00 5.318161e-07 
5.533119e+00 5.933905e-07 
5.584316e+00 6.680626e-07 
5.635987e+00 7.617160e-07 
5.688136e+00 8.814737e-07 
5.740768e+00 1.037680e-06 
5.793887e+00 1.254542e-06 
5.847497e+00 1.557971e-06 
5.901603e+00 2.019621e-06 
5.956210e+00 2.735170e-06 
6.011322e+00 4.091635e-06 
6.066944e+00 6.566496e-06 
6.123081e+00 1.087342e-05 
6.179737e+00 1.741803e-05 
6.236918e+00 1.602419e-05 
6.294627e+00 1.028686e-05 
6.352871e+00 6.485591e-06 
6.411653e+00 4.541815e-06 
6.470979e+00 3.549683e-06 
6.530854e+00 3.070710e-06 
6.591284e+00 2.838705e-06 
6.652272e+00 2.787380e-06 
6.713825e+00 2.855159e-06 
6.775947e+00 3.021637e-06 
6.838644e+00 3.291829e-06 
6.901921e+00 3.669160e-06 
6.965784e+00 4.169053e-06 
7.030238e+00 4.820873e-06 
7.095288e+00 5.666945e-06 
7.160939e+00 6.762607e-06 
7.227199e+00 8.181295e-06 
7.294071e+00 1.001394e-05 
7.361563e+00 1.235760e-05 
7.429678e+00 1.524404e-05 
7.498424e+00 1.865938e-05 
7.567806e+00 2.211158e-05 
7.637830e+00 2.495052e-05 
7.708502e+00 2.623196e-05 
7.779828e+00 2.542355e-05 
7.851814e+00 2.308196e-05 
7.924466e+00 2.011564e-05 
7.997790e+00 1.715456e-05 
8.071793e+00 1.468540e-05 
8.146480e+00 1.272817e-05 
8.221859e+00 1.139665e-05 
8.297935e+00 1.071060e-05 
8.374714e+00 1.081698e-05 
8.452205e+00 1.177753e-05 
8.530412e+00 1.326951e-05 
8.609343e+00 1.379460e-05 
8.689004e+00 1.192587e-05 
8.769403e+00 9.316386e-06 
8.850545e+00 7.273788e-06 
8.932438e+00 5.827345e-06 
9.015089e+00 4.860229e-06 
9.098504e+00 4.172165e-06 
9.182692e+00 3.666401e-06 
9.267658e+00 3.280364e-06 
9.353411e+00 2.976587e-06 
9.439957e+00 2.732334e-06 
9.527304e+00 2.531294e-06 
9.615459e+00 2.363180e-06 
9.704429e+00 2.220223e-06 
9.794223e+00 2.098081e-06 
9.884848e+00 1.993320e-06 
9.976312e+00 1.904699e-06 
1.006862e+01 1.830523e-06 
1.016179e+01 1.769828e-06 
1.025581e+01 1.722762e-06 
1.035071e+01 1.690898e-06 
1.044648e+01 1.676258e-06 
1.054314e+01 1.685146e-06 
1.064070e+01 1.728344e-06 
1.073915e+01 1.826584e-06 
1.083852e+01 2.024791e-06 
1.093881e+01 2.438461e-06 
1.104002e+01 3.373981e-06 
1.114218e+01 6.217921e-06 
1.124527e+01 1.395176e-05 
1.134932e+01 1.513512e-05 
1.145434e+01 6.723334e-06 
1.156032e+01 3.869901e-06 
1.166729e+01 3.061042e-06 
1.177525e+01 3.312137e-06 
1.188420e+01 3.956285e-06 
1.199416e+01 3.293009e-06 
1.210515e+01 2.460066e-06 
1.221715e+01 2.187180e-06 
1.233020e+01 2.313723e-06 
1.244429e+01 2.957832e-06 
1.255943e+01 4.789460e-06 
1.267564e+01 7.698032e-06 
1.279293e+01 6.063632e-06 
1.291130e+01 3.497110e-06 
1.303077e+01 2.297118e-06 
1.315134e+01 1.766603e-06 
1.327303e+01 1.489628e-06 
1.339584e+01 1.329760e-06 
1.351979e+01 1.228611e-06 
1.364489e+01 1.162413e-06 
1.377114e+01 1.116202e-06 
1.389857e+01 1.084053e-06 
1.402717e+01 1.062622e-06 
1.415696e+01 1.048221e-06 
1.428795e+01 1.040174e-06 
1.442016e+01 1.038030e-06 
1.455359e+01 1.040977e-06 
1.468825e+01 1.048828e-06 
1.482416e+01 1.062734e-06 
1.496132e+01 1.079935e-06 
1.509976e+01 1.103018e-06 
1.523947e+01 1.132836e-06 
1.538048e+01 1.171999e-06 
1.552280e+01 1.226060e-06 
1.566643e+01 1.304736e-06 
1.581139e+01 1.428257e-06 
1.595769e+01 1.661590e-06 
1.610534e+01 2.264159e-06 
1.625436e+01 4.906170e-06 
1.640476e+01 1.566377e-05 
1.655656e+01 4.744984e-06 
1.670975e+01 2.522713e-06 
1.686437e+01 2.070616e-06 
1.702041e+01 1.980009e-06 
1.717790e+01 2.029633e-06 
1.733684e+01 2.178976e-06 
1.749726e+01 2.443797e-06 
1.765916e+01 2.893866e-06 
1.782256e+01 3.679171e-06 
1.798747e+01 5.106745e-06 
1.815390e+01 7.314510e-06 
1.832188e+01 8.592391e-06 
1.849141e+01 7.138463e-06 
1.866251e+01 5.291621e-06 
1.883519e+01 4.199831e-06 
1.900947e+01 3.654408e-06 
1.918536e+01 3.409893e-06 
1.936288e+01 3.349089e-06 
1.954204e+01 3.422716e-06 
1.972287e+01 3.614161e-06 
1.990536e+01 3.945960e-06 
2.008954e+01 4.476565e-06 
2.027543e+01 5.314569e-06 
2.046303e+01 6.700998e-06 
2.065238e+01 9.103435e-06 
2.084347e+01 1.334016e-05 
2.103633e+01 1.953245e-05 
2.123098e+01 2.281364e-05 
2.142743e+01 1.872293e-05 
2.162569e+01 1.348863e-05 
2.182579e+01 1.019967e-05 
2.202774e+01 8.501394e-06 
2.223156e+01 7.790403e-06 
2.243727e+01 7.802776e-06 
2.264488e+01 8.505874e-06 
2.285441e+01 9.769661e-06 
2.306588e+01 1.077848e-05 
2.327930e+01 1.028863e-05 
2.349471e+01 8.880656e-06 
2.371210e+01 7.674337e-06 
2.393150e+01 6.901851e-06 
2.415294e+01 6.442446e-06 
2.437642e+01 6.182354e-06 
2.460198e+01 6.052075e-06 
2.482962e+01 6.006030e-06 
2.505936e+01 6.005446e-06 
2.529123e+01 6.038656e-06 
2.552525e+01 6.093062e-06 
2.576143e+01 6.167057e-06 
2.599980e+01 6.259134e-06 
2.624037e+01 6.367824e-06 
2.648317e+01 6.491653e-06 
2.672822e+01 6.629086e-06 
2.697553e+01 6.778490e-06 
2.722513e+01 6.938090e-06 
2.747704e+01 7.105936e-06 
2.773129e+01 7.279875e-06 
2.798788e+01 7.457522e-06 
2.824685e+01 7.636451e-06 
2.850821e+01 7.819379e-06 
2.877200e+01 8.008660e-06 
2.903822e+01 8.205151e-06 
2.930691e+01 8.409780e-06 
2.957808e+01 8.623555e-06 
2.985176e+01 8.847570e-06 
3.012798e+01 9.083012e-06 
3.040675e+01 9.331172e-06 
3.068810e+01 9.593459e-06 
3.097205e+01 9.871413e-06 
3.125863e+01 1.016672e-05 
3.154787e+01 1.048121e-05 
3.183978e+01 1.081669e-05 
3.213439e+01 1.116928e-05 
3.243172e+01 1.153854e-05 
3.273181e+01 1.192677e-05 
3.303467e+01 1.233654e-05 
3.334034e+01 1.277066e-05 
3.364883e+01 1.323230e-05 
3.396018e+01 1.372495e-05 
3.427441e+01 1.425251e-05 
3.459155e+01 1.481934e-05 
3.491162e+01 1.543032e-05 
3.523465e+01 1.609093e-05 
3.556068e+01 1.680736e-05 
3.588971e+01 1.758576e-05 
3.622180e+01 1.841042e-05 
3.655695e+01 1.927403e-05 
3.689521e+01 2.017842e-05 
3.723660e+01 2.112552e-05 
3.758114e+01 2.211734e-05 
3.792888e+01 2.315599e-05 
3.827983e+01 2.424367e-05 
3.863403e+01 2.538270e-05 
3.899151e+01 2.657548e-05 
3.935229e+01 2.782455e-05 
3.971641e+01 2.913255e-05 
4.008390e+01 3.050225e-05 
4.045479e+01 3.193656e-05 
4.082912e+01 3.343885e-05 
4.120691e+01 3.501241e-05 
4.158819e+01 3.666051e-05 
4.197300e+01 3.838658e-05 
4.236137e+01 4.019416e-05 
4.275334e+01 4.208696e-05 
4.314893e+01 4.406884e-05 
4.354818e+01 4.614382e-05 
4.395113e+01 4.831608e-05 
4.435780e+01 5.058997e-05 
4.476824e+01 5.297003e-05 
4.518247e+01 5.546096e-05 
4.560054e+01 5.806619e-05 
4.602248e+01 6.074391e-05 
4.644832e+01 6.347384e-05 
4.687810e+01 6.625757e-05 
4.731186e+01 6.909729e-05 
4.774963e+01 7.199581e-05 
4.819145e+01 7.495666e-05 
4.863736e+01 7.798411e-05 
4.908740e+01 8.108320e-05 
4.954160e+01 8.425982e-05 
5.000000e+01 8.752077e-05 
5.046264e+01 9.087382e-05 
5.092957e+01 9.432774e-05 
5.140081e+01 9.789123e-05 
5.187642e+01 1.015306e-04 
5.235643e+01 1.052249e-04 
5.284088e+01 1.089724e-04 
5.332981e+01 1.127712e-04 
5.382326e+01 1.166195e-04 
5.432128e+01 1.205155e-04 
5.482391e+01 1.244576e-04 
5.533119e+01 1.284440e-04 
5.584316e+01 1.324731e-04 
5.635987e+01 1.365435e-04 
5.688136e+01 1.406537e-04 
5.740768e+01 1.448022e-04 
5.793887e+01 1.489880e-04 
5.847497e+01 1.532075e-04 
5.901603e+01 1.574556e-04 
5.956210e+01 1.617270e-04 
6.011322e+01 1.660163e-04 
6.066944e+01 1.703177e-04 
6.123081e+01 1.746252e-04 
6.179737e+01 1.789327e-04 
6.236918e+01 1.832337e-04 
6.294627e+01 1.875214e-04 
6.352871e+01 1.917891e-04 
6.411653e+01 1.960295e-04 
6.470979e+01 2.002353e-04 
6.530854e+01 2.043998e-04 
6.591284e+01 2.085401e-04 
6.652272e+01 2.126625e-04 
6.713825e+01 2.167598e-04 
6.775947e+01 2.208247e-04 
6.838644e+01 2.248497e-04 
6.901921e+01 2.288269e-04 
6.965784e+01 2.327484e-04 
7.030238e+01 2.366059e-04 
7.095288e+01 2.403911e-04 
7.160939e+01 2.440953e-04 
7.227199e+01 2.477100e-04 
7.294071e+01 2.512263e-04 
7.361563e+01 2.546361e-04 
7.429678e+01 2.579698e-04 
7.498424e+01 2.612414e-04 
7.567806e+01 2.644438e-04 
7.637830e+01 2.675698e-04 
7.708502e+01 2.706121e-04 
7.779828e+01 2.735633e-04 
7.851814e+01 2.764159e-04 
7.924466e+01 2.791623e-04 
7.997790e+01 2.817949e-04 
8.071793e+01 2.843061e-04 
8.146480e+01 2.866884e-04 
8.221859e+01 2.889341e-04 
8.297935e+01 2.910368e-04 
8.374714e+01 2.930394e-04 
8.452205e+01 2.949624e-04 
8.530412e+01 2.967976e-04 
8.609343e+01 2.985365e-04 
8.689004e+01 3.001708e-04 
8.769403e+01 3.016920e-04 
8.850545e+01 3.030915e-04 
8.932438e+01 3.043609e-04 
9.015089e+01 3.054917e-04 
9.098504e+01 3.064757e-04 
9.182692e+01 3.073045e-04 
9.267658e+01 3.079702e-04 
9.353411e+01 3.084660e-04 
9.439957e+01 3.088570e-04 
9.527304e+01 3.091787e-04 
9.615459e+01 3.094241e-04 
9.704429e+01 3.095862e-04 
9.794223e+01 3.096581e-04 
9.884848e+01 3.096330e-04 
9.976312e+01 3.095040e-04 
1.006862e+02 3.092646e-04 
1.016179e+02 3.089082e-04 
1.025581e+02 3.084284e-04 
1.035071e+02 3.078191e-04 
1.044648e+02 3.070743e-04 
1.054314e+02 3.061890e-04 
1.064070e+02 3.052140e-04 
1.073915e+02 3.041847e-04 
1.083852e+02 3.031047e-04 
1.093881e+02 3.019773e-04 
1.104002e+02 3.008063e-04 
1.114218e+02 2.995949e-04 
1.124527e+02 2.983467e-04 
1.134932e+02 2.970651e-04 
1.145434e+02 2.957535e-04 
1.156032e+02 2.944151e-04 
1.166729e+02 2.930533e-04 
1.177525e+02 2.916713e-04 
1.188420e+02 2.902721e-04 
1.199416e+02 2.888409e-04 
1.210515e+02 2.873664e-04 
1.221715e+02 2.858473e-04 
1.233020e+02 2.842822e-04 
1.244429e+02 2.826701e-04 
1.255943e+02 2.810098e-04 
1.267564e+02 2.793003e-04 
1.279293e+02 2.775406e-04 
1.291130e+02 2.757299e-04 
1.303077e+02 2.738673e-04 
1.315134e+02 2.719522e-04 
1.327303e+02 2.699838e-04 
1.339584e+02 2.679609e-04 
1.351979e+02 2.658148e-04 
1.364489e+02 2.635026e-04 
1.377114e+02 2.610273e-04 
1.389857e+02 2.583920e-04 
1.402717e+02 2.556004e-04 
1.415696e+02 2.526565e-04 
1.428795e+02 2.495646e-04 
1.442016e+02 2.463293e-04 
1.455359e+02 2.429556e-04 
1.468825e+02 2.394487e-04 
1.482416e+02 2.358143e-04 
1.496132e+02 2.320581e-04 
1.509976e+02 2.281868e-04 
1.523947e+02 2.242804e-04 
1.538048e+02 2.203910e-04 
1.552280e+02 2.165195e-04 
1.566643e+02 2.126670e-04 
1.581139e+02 2.088343e-04 
1.595769e+02 2.050224e-04 
1.610534e+02 2.012322e-04 
1.625436e+02 1.974647e-04 
1.640476e+02 1.937206e-04 
1.655656e+02 1.900011e-04 
1.670975e+02 1.863069e-04 
1.686437e+02 1.826389e-04 
1.702041e+02 1.789982e-04 
1.717790e+02 1.754118e-04 
1.733684e+02 1.718956e-04 
1.749726e+02 1.684461e-04 
1.765916e+02 1.650598e-04 
1.782256e+02 1.617336e-04 
1.798747e+02 1.584645e-04 
1.815390e+02 1.552497e-04 
1.832188e+02 1.520866e-04 
1.849141e+02 1.489728e-04 
1.866251e+02 1.459058e-04 
1.883519e+02 1.428835e-04 
1.900947e+02 1.399040e-04 
1.918536e+02 1.369654e-04 
1.936288e+02 1.340734e-04 
1.954204e+02 1.312317e-04 
1.972287e+02 1.284392e-04 
1.990536e+02 1.256943e-04 
2.008954e+02 1.229958e-04 
2.027543e+02 1.203425e-04 
2.046303e+02 1.177333e-04 
2.065238e+02 1.151671e-04 
2.084347e+02 1.126428e-04 
2.103633e+02 1.101594e-04 
2.123098e+02 1.077161e-04 
2.142743e+02 1.053119e-04 
2.162569e+02 1.029460e-04 
2.182579e+02 1.006179e-04 
2.202774e+02 9.832758e-05 
2.223156e+02 9.607502e-05 
2.243727e+02 9.386025e-05 
2.264488e+02 9.168322e-05 
2.285441e+02 8.954386e-05 
2.306588e+02 8.744208e-05 
2.327930e+02 8.537777e-05 
2.349471e+02 8.335077e-05 
2.371210e+02 8.136092e-05 
2.393150e+02 7.940802e-05 
2.415294e+02 7.749187e-05 
2.437642e+02 7.561222e-05 
2.460198e+02 7.377022e-05 
2.482962e+02 7.196633e-05 
2.505936e+02 7.019975e-05 
2.529123e+02 6.846973e-05 
2.552525e+02 6.677553e-05 
2.576143e+02 6.511641e-05 
2.599980e+02 6.349168e-05 
2.624037e+02 6.190066e-05 
2.648317e+02 6.034269e-05 
2.672822e+02 5.881711e-05 
2.697553e+02 5.732332e-05 
2.722513e+02 5.586068e-05 
2.747704e+02 5.442862e-05 
2.773129e+02 5.302797e-05 
2.798788e+02 5.165915e-05 
2.824685e+02 5.032140e-05 
2.850821e+02 4.901399e-05 
2.877200e+02 4.773620e-05 
2.903822e+02 4.648734e-05 
2.930691e+02 4.526673e-05 
2.957808e+02 4.407374e-05 
2.985176e+02 4.290772e-05 
3.012798e+02 4.176808e-05 
3.040675e+02 4.065423e-05 
3.068810e+02 3.956559e-05 
3.097205e+02 3.850160e-05 
3.125863e+02 3.746261e-05 
3.154787e+02 3.644879e-05 
3.183978e+02 3.545953e-05 
3.213439e+02 3.449426e-05 
3.243172e+02 3.355242e-05 
3.273181e+02 3.263346e-05 
3.303467e+02 3.173685e-05 
3.334034e+02 3.086208e-05 
3.364883e+02 3.000863e-05 
3.396018e+02 2.917601e-05 
3.427441e+02 2.836375e-05 
3.459155e+02 2.757138e-05 
3.491162e+02 2.679844e-05 
3.523465e+02 2.604507e-05 
3.556068e+02 2.531127e-05 
3.588971e+02 2.459652e-05 
3.622180e+02 2.390029e-05 
3.655695e+02 2.322210e-05 
3.689521e+02 2.256148e-05 
3.723660e+02 2.191794e-05 
3.758114e+02 2.129106e-05 
3.792888e+02 2.068039e-05 
3.827983e+02 2.008552e-05 
3.863403e+02 1.950603e-05 
3.899151e+02 1.894153e-05 
3.935229e+02 1.839164e-05 
3.971641e+02 1.785637e-05 
4.008390e+02 1.733567e-05 
4.045479e+02 1.682916e-05 
4.082912e+02 1.633645e-05 
4.120691e+02 1.585717e-05 
4.158819e+02 1.539096e-05 
4.197300e+02 1.493747e-05 
4.236137e+02 1.449636e-05 
4.275334e+02 1.406731e-05 
4.314893e+02 1.364998e-05 
4.354818e+02 1.324408e-05 
4.395113e+02 1.284929e-05 
4.435780e+02 1.246532e-05 
4.476824e+02 1.209209e-05 
4.518247e+02 1.172948e-05 
4.560054e+02 1.137719e-05 
4.602248e+02 1.103492e-05 
4.644832e+02 1.070237e-05 
4.687810e+02 1.037926e-05 
4.731186e+02 1.006533e-05 
4.774963e+02 9.760306e-06 
4.819145e+02 9.463939e-06 
4.863736e+02 9.175982e-06 
4.908740e+02 8.896196e-06 
4.954160e+02 8.624349e-06 
5.000000e+02 8.360217e-06 
5.046264e+02 8.103691e-06 
5.092957e+02 7.854663e-06 
5.140081e+02 7.612919e-06 
5.187642e+02 7.378252e-06 
5.235643e+02 7.150461e-06 
5.284088e+02 6.929350e-06 
5.332981e+02 6.714731e-06 
5.382326e+02 6.506417e-06 
5.432128e+02 6.304231e-06 
5.482391e+02 6.107998e-06 
5.533119e+02 5.917549e-06 
5.584316e+02 5.732719e-06 
5.635987e+02 5.553349e-06 
5.688136e+02 5.379346e-06 
5.740768e+02 5.210608e-06 
5.793887e+02 5.046970e-06 
5.847497e+02 4.888269e-06 
5.901603e+02 4.734351e-06 
5.956210e+02 4.585066e-06 
6.011322e+02 4.440270e-06 
6.066944e+02 4.299823e-06 
6.123081e+02 4.163591e-06 
6.179737e+02 4.031444e-06 
6.236918e+02 3.903256e-06 
6.294627e+02 3.778908e-06 
6.352871e+02 3.658281e-06 
6.411653e+02 3.541314e-06 
6.470979e+02 3.427952e-06 
6.530854e+02 3.318090e-06 
6.591284e+02 3.211625e-06 
6.652272e+02 3.108456e-06 
6.713825e+02 3.008487e-06 
6.775947e+02 2.911623e-06 
6.838644e+02 2.817771e-06 
6.901921e+02 2.726842e-06 
6.965784e+02 2.638750e-06 
7.030238e+02 2.553409e-06 
7.095288e+02 2.470738e-06 
7.160939e+02 2.390657e-06 
7.227199e+02 2.313105e-06 
7.294071e+02 2.238020e-06 
7.361563e+02 2.165321e-06 
7.429678e+02 2.094929e-06 
7.498424e+02 2.026766e-06 
7.567806e+02 1.960761e-06 
7.637830e+02 1.896841e-06 
7.708502e+02 1.834939e-06 
7.779828e+02 1.774990e-06 
7.851814e+02 1.716929e-06 
7.924466e+02 1.660696e-06 
7.997790e+02 1.606231e-06 
8.071793e+02 1.553479e-06 
8.146480e+02 1.502403e-06 
8.221859e+02 1.452972e-06 
8.297935e+02 1.405129e-06 
8.374714e+02 1.358819e-06 
8.452205e+02 1.313991e-06 
8.530412e+02 1.270594e-06 
8.609343e+02 1.228580e-06 
8.689004e+02 1.187902e-06 
8.769403e+02 1.148517e-06 
8.850545e+02 1.110380e-06 
8.932438e+02 1.073451e-06 
9.015089e+02 1.037690e-06 
9.098504e+02 1.003059e-06 
9.182692e+02 9.695432e-07 
9.267658e+02 9.371340e-07 
9.353411e+02 9.057967e-07 
9.439957e+02 8.754977e-07 
9.527304e+02 8.462039e-07 
9.615459e+02 8.178837e-07 
9.704429e+02 7.905060e-07 
9.794223e+02 7.640407e-07 
9.884848e+02 7.384588e-07 
9.976312e+02 7.137318e-07 
1.006862e+03 6.898322e-07 
1.016179e+03 6.667334e-07 
1.025581e+03 6.444095e-07 
1.035071e+03 6.228272e-07 
1.044648e+03 6.019537e-07 
1.054314e+03 5.817685e-07 
1.064070e+03 5.622511e-07 
1.073915e+03 5.433817e-07 
1.083852e+03 5.251410e-07 
1.093881e+03 5.075100e-07 
1.104002e+03 4.904701e-07 
1.114218e+03 4.740033e-07 
1.124527e+03 4.580919e-07 
1.134932e+03 4.427187e-07 
1.145434e+03 4.278669e-07 
1.156032e+03 4.135201e-07 
1.166729e+03 3.997205e-07 
1.177525e+03 3.865128e-07 
1.188420e+03 3.738581e-07 
1.199416e+03 3.617198e-07 
1.210515e+03 3.500642e-07 
1.221715e+03 3.388599e-07 
1.233020e+03 3.280779e-07 
1.244429e+03 3.176913e-07 
1.255943e+03 3.076753e-07 
1.267564e+03 2.980066e-07 
1.279293e+03 2.886639e-07 
1.291130e+03 2.796273e-07 
1.303077e+03 2.708785e-07 
1.315134e+03 2.624877e-07 
1.327303e+03 2.545448e-07 
1.339584e+03 2.470144e-07 
1.351979e+03 2.398636e-07 
1.364489e+03 2.330620e-07 
1.377114e+03 2.265815e-07 
1.389857e+03 2.203965e-07 
1.402717e+03 2.144830e-07 
1.415696e+03 2.088191e-07 
1.428795e+03 2.033845e-07 
1.442016e+03 1.981604e-07 
1.455359e+03 1.931292e-07 
1.468825e+03 1.882749e-07 
1.482416e+03 1.836272e-07 
1.496132e+03 1.792376e-07 
1.509976e+03 1.750975e-07 
1.523947e+03 1.711978e-07 
1.538048e+03 1.675305e-07 
1.552280e+03 1.640877e-07 
1.566643e+03 1.608622e-07 
1.581139e+03 1.578473e-07 
1.595769e+03 1.550369e-07 
1.610534e+03 1.524254e-07 
1.625436e+03 1.500074e-07 
1.640476e+03 1.477785e-07 
1.655656e+03 1.457343e-07 
1.670975e+03 1.438474e-07 
1.686437e+03 1.420769e-07 
1.702041e+03 1.404156e-07 
1.717790e+03 1.388570e-07 
1.733684e+03 1.373949e-07 
1.749726e+03 1.360234e-07 
1.765916e+03 1.347372e-07 
1.782256e+03 1.335308e-07 
1.798747e+03 1.323994e-07 
1.815390e+03 1.313383e-07 
1.832188e+03 1.303428e-07 
1.849141e+03 1.294086e-07 
1.866251e+03 1.285316e-07 
1.883519e+03 1.277258e-07 
1.900947e+03 1.270078e-07 
1.918536e+03 1.263628e-07 
1.936288e+03 1.257761e-07 
1.954204e+03 1.252332e-07 
1.972287e+03 1.247202e-07 
1.990536e+03 1.242231e-07 
2.008954e+03 1.237282e-07 
2.027543e+03 1.232224e-07 
2.046303e+03 1.226922e-07 
2.065238e+03 1.221249e-07 
2.084347e+03 1.215077e-07 
2.103633e+03 1.208284e-07 
2.123098e+03 1.200736e-07 
2.142743e+03 1.192374e-07 
2.162569e+03 1.183212e-07 
2.182579e+03 1.173268e-07 
2.202774e+03 1.162558e-07 
2.223156e+03 1.151104e-07 
2.243727e+03 1.138927e-07 
2.264488e+03 1.126050e-07 
2.285441e+03 1.112497e-07 
2.306588e+03 1.098294e-07 
2.327930e+03 1.083467e-07 
2.349471e+03 1.068045e-07 
2.371210e+03 1.052056e-07 
2.393150e+03 1.034850e-07 
2.415294e+03 1.015456e-07 
2.437642e+03 9.940883e-08 
2.460198e+03 9.709807e-08 
2.482962e+03 9.463685e-08 
2.505936e+03 9.204832e-08 
2.529123e+03 8.935512e-08 
2.552525e+03 8.657908e-08 
2.576143e+03 8.374106e-08 
2.599980e+03 8.086077e-08 
2.624037e+03 7.795666e-08 
2.648317e+03 7.504581e-08 
2.672822e+03 7.214391e-08 
2.697553e+03 6.928125e-08 
2.722513e+03 6.648814e-08 
2.747704e+03 6.376067e-08 
2.773129e+03 6.109514e-08 
2.798788e+03 5.848846e-08 
2.824685e+03 5.593816e-08 
2.850821e+03 5.344234e-08 
2.877200e+03 5.099959e-08 
2.903822e+03 4.860900e-08 
2.930691e+03 4.627007e-08 
2.957808e+03 4.398270e-08 
2.985176e+03 4.174711e-08 
3.012798e+03 3.956387e-08 
3.040675e+03 3.745474e-08 
3.068810e+03 3.545297e-08 
3.097205e+03 3.355241e-08 
3.125863e+03 3.174676e-08 
3.154787e+03 3.003024e-08 
3.183978e+03 2.839759e-08 
3.213439e+03 2.684396e-08 
3.243172e+03 2.536492e-08 
3.273181e+03 2.395639e-08 
3.303467e+03 2.261464e-08 
3.334034e+03 2.133622e-08 
3.364883e+03 2.011798e-08 
3.396018e+03 1.895700e-08 
3.427441e+03 1.785554e-08 
3.459155e+03 1.681879e-08 
3.491162e+03 1.584243e-08 
3.523465e+03 1.492228e-08 
3.556068e+03 1.405454e-08 
3.588971e+03 1.323571e-08 
3.622180e+03 1.246261e-08 
3.655695e+03 1.173230e-08 
3.689521e+03 1.104209e-08 
3.723660e+03 1.038950e-08 
3.758114e+03 9.772260e-09 
3.792888e+03 9.188272e-09 
3.827983e+03 8.635602e-09 
3.863403e+03 8.113582e-09 
3.899151e+03 7.622576e-09 
3.935229e+03 7.160905e-09 
3.971641e+03 6.726920e-09 
4.008390e+03 6.319056e-09 
4.045479e+03 5.935822e-09 
4.082912e+03 5.575807e-09 
4.120691e+03 5.237668e-09 
4.158819e+03 4.920132e-09 
4.197300e+03 4.621996e-09 
4.236137e+03 4.342118e-09 
4.275334e+03 4.079417e-09 
4.314893e+03 3.832872e-09 
4.354818e+03 3.601429e-09 
4.395113e+03 3.384008e-09 
4.435780e+03 3.179758e-09 
4.476824e+03 2.987881e-09 
4.518247e+03 2.807629e-09 
4.560054e+03 2.638298e-09 
4.602248e+03 2.479229e-09 
4.644832e+03 2.329798e-09 
4.687810e+03 2.189422e-09 
4.731186e+03 2.057552e-09 
4.774963e+03 1.933673e-09 
4.819145e+03 1.817300e-09 
4.863736e+03 1.707977e-09 
4.908740e+03 1.605361e-09 
4.954160e+03 1.509184e-09 
5.000000e+03 1.419018e-09 
5.046264e+03 1.334459e-09 
5.092957e+03 1.255134e-09 
5.140081e+03 1.180696e-09 
5.187642e+03 1.110824e-09 
5.235643e+03 1.045218e-09 
5.284088e+03 9.836008e-10 
5.332981e+03 9.257144e-10 
5.382326e+03 8.713185e-10 
5.432128e+03 8.201899e-10 
5.482391e+03 7.721206e-10 
5.533119e+03 7.269583e-10 
5.584316e+03 6.845973e-10 
5.635987e+03 6.448509e-10 
5.688136e+03 6.075434e-10 
5.740768e+03 5.725121e-10 
5.793887e+03 5.396060e-10 
5.847497e+03 5.086853e-10 
5.901603e+03 4.796200e-10 
5.956210e+03 4.522896e-10 
6.011322e+03 4.265819e-10 
6.066944e+03 4.023930e-10 
6.123081e+03 3.796260e-10 
6.179737e+03 3.581909e-10 
6.236918e+03 3.380098e-10 
6.294627e+03 3.190180e-10 
6.352871e+03 3.011434e-10 
6.411653e+03 2.843178e-10 
6.470979e+03 2.684772e-10 
6.530854e+03 2.535620e-10 
6.591284e+03 2.395160e-10 
6.652272e+03 2.262865e-10 
6.713825e+03 2.138244e-10 
6.775947e+03 2.020833e-10 
6.838644e+03 1.910200e-10 
6.901921e+03 1.805936e-10 
6.965784e+03 1.707661e-10 
7.030238e+03 1.615012e-10 
7.095288e+03 1.527643e-10 
7.160939e+03 1.445237e-10 
7.227199e+03 1.367500e-10 
7.294071e+03 1.294155e-10 
7.361563e+03 1.224943e-10 
7.429678e+03 1.159620e-10 
7.498424e+03 1.097957e-10 
7.567806e+03 1.039739e-10 
7.637830e+03 9.847657e-11 
7.708502e+03 9.328470e-11 
7.779828e+03 8.838054e-11 
7.851814e+03 8.374740e-11 
7.924466e+03 7.936919e-11 
7.997790e+03 7.523045e-11 
8.071793e+03 7.131763e-11 
8.146480e+03 6.761802e-11 
8.221859e+03 6.411962e-11 
8.297935e+03 6.081112e-11 
8.374714e+03 5.768189e-11 
8.452205e+03 5.472187e-11 
8.530412e+03 5.192160e-11 
8.609343e+03 4.927216e-11 
8.689004e+03 4.676514e-11 
8.769403e+03 4.439261e-11 
8.850545e+03 4.214709e-11 
8.932438e+03 4.002152e-11 
9.015089e+03 3.800927e-11 
9.098504e+03 3.610406e-11 
9.182692e+03 3.429996e-11 
9.267658e+03 3.259142e-11 
9.353411e+03 3.097316e-11 
9.439957e+03 2.944022e-11 
9.527304e+03 2.798792e-11 
9.615459e+03 2.661184e-11 
9.704429e+03 2.530780e-11 
9.794223e+03 2.407189e-11 
9.884848e+03 2.290037e-11 
9.976312e+03 2.178976e-11 
1.006862e+04 2.073674e-11 
1.016179e+04 1.973819e-11 
1.025581e+04 1.879117e-11 
1.035071e+04 1.789289e-11 
1.044648e+04 1.704072e-11 
1.054314e+04 1.623219e-11 
1.064070e+04 1.546495e-11 
1.073915e+04 1.473679e-11 
1.083852e+04 1.404562e-11 
1.093881e+04 1.338947e-11 
1.104002e+04 1.276647e-11 
1.114218e+04 1.217486e-11 
1.124527e+04 1.161298e-11 
1.134932e+04 1.107926e-11 
1.145434e+04 1.057220e-11 
1.156032e+04 1.009040e-11 
1.166729e+04 9.632537e-12 
1.177525e+04 9.197354e-12 
1.188420e+04 8.783664e-12 
1.199416e+04 8.390344e-12 
1.210515e+04 8.016334e-12 
1.221715e+04 7.660631e-12 
1.233020e+04 7.322284e-12 
1.244429e+04 7.000396e-12 
1.255943e+04 6.694119e-12 
1.267564e+04 6.402648e-12 
1.279293e+04 6.125224e-12 
1.291130e+04 5.861127e-12 
1.303077e+04 5.609675e-12 
1.315134e+04 5.370226e-12 
1.327303e+04 5.142168e-12 
1.339584e+04 4.924923e-12 
1.351979e+04 4.717946e-12 
1.364489e+04 4.520718e-12 
1.377114e+04 4.332749e-12 
1.389857e+04 4.153573e-12 
1.402717e+04 3.982753e-12 
1.415696e+04 3.819869e-12 
1.428795e+04 3.664528e-12 
1.442016e+04 3.516354e-12 
1.455359e+04 3.374994e-12 
1.468825e+04 3.240111e-12 
1.482416e+04 3.111387e-12 
1.496132e+04 2.988518e-12 
1.509976e+04 2.871219e-12 
1.523947e+04 2.759218e-12 
1.538048e+04 2.652257e-12 
1.552280e+04 2.550092e-12 
1.566643e+04 2.452491e-12 
1.581139e+04 2.359234e-12 
1.595769e+04 2.270112e-12 
1.610534e+04 2.184927e-12 
1.625436e+04 2.103491e-12 
1.640476e+04 2.025625e-12 
1.655656e+04 1.951160e-12 
1.670975e+04 1.879936e-12 
1.686437e+04 1.811799e-12 
1.702041e+04 1.746604e-12 
1.717790e+04 1.684213e-12 
1.733684e+04 1.624496e-12 
1.749726e+04 1.567328e-12 
1.765916e+04 1.512590e-12 
1.782256e+04 1.460171e-12 
1.798747e+04 1.409963e-12 
1.815390e+04 1.361866e-12 
1.832188e+04 1.315782e-12 
1.849141e+04 1.271620e-12 
1.866251e+04 1.229292e-12 
1.883519e+04 1.188715e-12 
1.900947e+04 1.149811e-12 
1.918536e+04 1.112504e-12 
1.936288e+04 1.076723e-12 
1.954204e+04 1.042400e-12 
1.972287e+04 1.009470e-12 
1.990536e+04 9.778706e-13 
2.008954e+04 9.475442e-13 
2.027543e+04 9.184346e-13 
2.046303e+04 8.904886e-13 
2.065238e+04 8.636555e-13 
2.084347e+04 8.378870e-13 
2.103633e+04 8.131370e-13 
2.123098e+04 7.893619e-13 
2.142743e+04 7.665198e-13 
2.162569e+04 7.445710e-13 
2.182579e+04 7.234775e-13 
2.202774e+04 7.032032e-13 
2.223156e+04 6.837135e-13 
2.243727e+04 6.649757e-13 
2.264488e+04 6.469583e-13 
2.285441e+04 6.296316e-13 
2.306588e+04 6.129669e-13 
2.327930e+04 5.969371e-13 
2.349471e+04 5.815162e-13 
2.371210e+04 5.666795e-13 
2.393150e+04 5.524033e-13 
2.415294e+04 5.386651e-13 
2.437642e+04 5.254433e-13 
2.460198e+04 5.127174e-13 
2.482962e+04 5.004677e-13 
2.505936e+04 4.886756e-13 
2.529123e+04 4.773231e-13 
2.552525e+04 4.663932e-13 
2.576143e+04 4.558696e-13 
2.599980e+04 4.457366e-13 
2.624037e+04 4.359795e-13 
2.648317e+04 4.265839e-13 
2.672822e+04 4.175363e-13 
2.697553e+04 4.088237e-13 
2.722513e+04 4.004338e-13 
2.747704e+04 3.923547e-13 
2.773129e+04 3.845750e-13 
2.798788e+04 3.770840e-13 
2.824685e+04 3.698714e-13 
2.850821e+04 3.629272e-13 
2.877200e+04 3.562422e-13 
2.903822e+04 3.498071e-13 
2.930691e+04 3.436136e-13 
2.957808e+04 3.376533e-13 
2.985176e+04 3.319183e-13 
3.012798e+04 3.264013e-13 
3.040675e+04 3.210951e-13 
3.068810e+04 3.159928e-13 
3.097205e+04 3.110879e-13 
3.125863e+04 3.063742e-13 
3.154787e+04 3.018457e-13 
3.183978e+04 2.974969e-13 
3.213439e+04 2.933223e-13 
3.243172e+04 2.893167e-13 
3.273181e+04 2.854754e-13 
3.303467e+04 2.817935e-13 
3.334034e+04 2.782667e-13 
3.364883e+04 2.748909e-13 
3.396018e+04 2.716618e-13 
3.427441e+04 2.685759e-13 
3.459155e+04 2.656294e-13 
3.491162e+04 2.628190e-13 
3.523465e+04 2.601413e-13 
3.556068e+04 2.575934e-13 
3.588971e+04 2.551724e-13 
3.622180e+04 2.528756e-13 
3.655695e+04 2.507003e-13 
3.689521e+04 2.486443e-13 
3.723660e+04 2.467052e-13 
3.758114e+04 2.448810e-13 
3.792888e+04 2.431698e-13 
3.827983e+04 2.415697e-13 
3.863403e+04 2.400790e-13 
3.899151e+04 2.386963e-13 
3.935229e+04 2.374202e-13 
3.971641e+04 2.362494e-13 
4.008390e+04 2.351828e-13 
4.045479e+04 2.342193e-13 
4.082912e+04 2.333583e-13 
4.120691e+04 2.325988e-13 
4.158819e+04 2.319404e-13 
4.197300e+04 2.313825e-13 
4.236137e+04 2.309248e-13 
4.275334e+04 2.305670e-13 
4.314893e+04 2.303092e-13 
4.354818e+04 2.301512e-13 
4.395113e+04 2.300933e-13 
4.435780e+04 2.301357e-13 
4.476824e+04 2.302789e-13 
4.518247e+04 2.305234e-13 
4.560054e+04 2.308700e-13 
4.602248e+04 2.313194e-13 
4.644832e+04 2.318726e-13 
4.687810e+04 2.325307e-13 
4.731186e+04 2.332950e-13 
4.774963e+04 2.341669e-13 
4.819145e+04 2.351479e-13 
4.863736e+04 2.362398e-13 
4.908740e+04 2.374445e-13 
4.954160e+04 2.387639e-13 
5.000000e+04 2.402004e-13 
5.046264e+04 2.417563e-13 
5.092957e+04 2.434342e-13 
5.140081e+04 2.452369e-13 
5.187642e+04 2.471674e-13 
5.235643e+04 2.492289e-13 
5.284088e+04 2.514249e-13 
5.332981e+04 2.537588e-13 
5.382326e+04 2.562347e-13 
5.432128e+04 2.588567e-13 
5.482391e+04 2.616292e-13 
5.533119e+04 2.645567e-13 
5.584316e+04 2.676444e-13 
5.635987e+04 2.708974e-13 
5.688136e+04 2.743214e-13 
5.740768e+04 2.779221e-13 
5.793887e+04 2.817059e-13 
5.847497e+04 2.856795e-13 
5.901603e+04 2.898497e-13 
5.956210e+04 2.942241e-13 
6.011322e+04 2.988104e-13 
6.066944e+04 3.036170e-13 
6.123081e+04 3.086527e-13 
6.179737e+04 3.139267e-13 
6.236918e+04 3.194490e-13 
6.294627e+04 3.252298e-13 
6.352871e+04 3.312802e-13 
6.411653e+04 3.376118e-13 
6.470979e+04 3.442370e-13 
6.530854e+04 3.511688e-13 
6.591284e+04 3.584209e-13 
6.652272e+04 3.660080e-13 
6.713825e+04 3.739454e-13 
6.775947e+04 3.822497e-13 
6.838644e+04 3.909379e-13 
6.901921e+04 4.000287e-13 
6.965784e+04 4.095412e-13 
7.030238e+04 4.194963e-13 
7.095288e+04 4.299156e-13 
7.160939e+04 4.408223e-13 
7.227199e+04 4.522411e-13 
7.294071e+04 4.641978e-13 
7.361563e+04 4.767203e-13 
7.429678e+04 4.898377e-13 
7.498424e+04 5.035813e-13 
7.567806e+04 5.179841e-13 
7.637830e+04 5.330812e-13 
7.708502e+04 5.489101e-13 
7.779828e+04 5.655104e-13 
7.851814e+04 5.829243e-13 
7.924466e+04 6.011968e-13 
7.997790e+04 6.203757e-13 
8.071793e+04 6.405119e-13 
8.146480e+04 6.616596e-13 
8.221859e+04 6.838765e-13 
8.297935e+04 7.072243e-13 
8.374714e+04 7.317685e-13 
8.452205e+04 7.575791e-13 
8.530412e+04 7.847308e-13 
8.609343e+04 8.133034e-13 
8.689004e+04 8.433819e-13 
8.769403e+04 8.750573e-13 
8.850545e+04 9.084267e-13 
8.932438e+04 9.435941e-13 
9.015089e+04 9.806706e-13 
9.098504e+04 1.019775e-12 
9.182692e+04 1.061035e-12 
9.267658e+04 1.104586e-12 
9.353411e+04 1.150574e-12 
9.439957e+04 1.199156e-12 
9.527304e+04 1.250500e-12 
9.615459e+04 1.304786e-12 
9.704429e+04 1.362206e-12 
9.794223e+04 1.422968e-12 
9.884848e+04 1.487294e-12 
9.976312e+04 1.555424e-12 
1.006862e+05 1.627615e-12 
1.016179e+05 1.704144e-12 
1.025581e+05 1.785308e-12 
1.035071e+05 1.871426e-12 
1.044648e+05 1.962845e-12 
1.054314e+05 2.059936e-12 
1.064070e+05 2.163100e-12 
1.073915e+05 2.272767e-12 
1.083852e+05 2.389405e-12 
1.093881e+05 2.513517e-12 
1.104002e+05 2.645645e-12 
1.114218e+05 2.786376e-12 
1.124527e+05 2.936346e-12 
1.134932e+05 3.096239e-12 
1.145434e+05 3.266798e-12 
1.156032e+05 3.448826e-12 
1.166729e+05 3.643195e-12 
1.177525e+05 3.850845e-12 
1.188420e+05 4.072799e-12 
1.199416e+05 4.310165e-12 
1.210515e+05 4.564147e-12 
1.221715e+05 4.836049e-12 
1.233020e+05 5.127290e-12 
1.244429e+05 5.439410e-12 
1.255943e+05 5.774085e-12 
1.267564e+05 6.133138e-12 
1.279293e+05 6.518552e-12 
1.291130e+05 6.932487e-12 
1.303077e+05 7.377297e-12 
1.315134e+05 7.855545e-12 
1.327303e+05 8.370031e-12 
1.339584e+05 8.923805e-12 
1.351979e+05 9.520200e-12 
1.364489e+05 1.016286e-11 
1.377114e+05 1.085575e-11 
1.389857e+05 1.160323e-11 
1.402717e+05 1.241006e-11 
1.415696e+05 1.328144e-11 
1.428795e+05 1.422308e-11 
1.442016e+05 1.524123e-11 
1.455359e+05 1.634274e-11 
1.468825e+05 1.753512e-11 
1.482416e+05 1.882664e-11 
1.496132e+05 2.022634e-11 
1.509976e+05 2.174418e-11 
1.523947e+05 2.339111e-11 
1.538048e+05 2.517917e-11 
1.552280e+05 2.712159e-11 
1.566643e+05 2.923298e-11 
1.581139e+05 3.152940e-11 
1.595769e+05 3.402857e-11 
1.610534e+05 3.675005e-11 
1.625436e+05 3.971539e-11 
1.640476e+05 4.294843e-11 
1.655656e+05 4.647549e-11 
1.670975e+05 5.032567e-11 
1.686437e+05 5.453116e-11 
1.702041e+05 5.912758e-11 
1.717790e+05 6.415441e-11 
1.733684e+05 6.965535e-11 
1.749726e+05 7.567891e-11 
1.765916e+05 8.227886e-11 
1.782256e+05 8.951491e-11 
1.798747e+05 9.745338e-11 
1.815390e+05 1.061680e-10 
1.832188e+05 1.157407e-10 
1.849141e+05 1.262626e-10 
1.866251e+05 1.378355e-10 
1.883519e+05 1.505722e-10 
1.900947e+05 1.645991e-10 
1.918536e+05 1.800566e-10 
1.936288e+05 1.971019e-10 
1.954204e+05 2.159102e-10 
1.972287e+05 2.366774e-10 
1.990536e+05 2.596226e-10 
2.008954e+05 2.849908e-10 
2.027543e+05 3.130565e-10 
2.046303e+05 3.441268e-10 
2.065238e+05 3.785465e-10 
2.084347e+05 4.167017e-10 
2.103633e+05 4.590263e-10 
2.123098e+05 5.060072e-10 
2.142743e+05 5.581917e-10 
2.162569e+05 6.161951e-10 
2.182579e+05 6.807099e-10 
2.202774e+05 7.525155e-10 
2.223156e+05 8.324904e-10 
2.243727e+05 9.216243e-10 
2.264488e+05 1.021034e-09 
2.285441e+05 1.131981e-09 
2.306588e+05 1.255888e-09 
2.327930e+05 1.394366e-09 
2.349471e+05 1.549233e-09 
2.371210e+05 1.722550e-09 
2.393150e+05 1.916651e-09 
2.415294e+05 2.134178e-09 
2.437642e+05 2.378129e-09 
2.460198e+05 2.651906e-09 
2.482962e+05 2.959371e-09 
2.505936e+05 3.304912e-09 
2.529123e+05 3.693520e-09 
2.552525e+05 4.130872e-09 
2.576143e+05 4.623430e-09 
2.599980e+05 5.178559e-09 
2.624037e+05 5.804654e-09 
2.648317e+05 6.511292e-09 
2.672822e+05 7.309406e-09 
2.697553e+05 8.211488e-09 
2.722513e+05 9.231815e-09 
2.747704e+05 1.038672e-08 
2.773129e+05 1.169491e-08 
2.798788e+05 1.317780e-08 
2.824685e+05 1.485994e-08 
2.850821e+05 1.676950e-08 
2.877200e+05 1.893882e-08 
2.903822e+05 2.140505e-08 
2.930691e+05 2.421087e-08 
2.957808e+05 2.740541e-08 
2.985176e+05 3.104521e-08 
3.012798e+05 3.519541e-08 
3.040675e+05 3.993110e-08 
3.068810e+05 4.533890e-08 
3.097205e+05 5.151882e-08 
3.125863e+05 5.858638e-08 
3.154787e+05 6.667515e-08 
3.183978e+05 7.593965e-08 
3.213439e+05 8.655878e-08 
3.243172e+05 9.873981e-08 
3.273181e+05 1.127231e-07 
3.303467e+05 1.287874e-07 
3.334034e+05 1.472565e-07 
3.364883e+05 1.685067e-07 
3.396018e+05 1.929753e-07 
3.427441e+05 2.211716e-07 
3.459155e+05 2.536882e-07 
3.491162e+05 2.912161e-07 
3.523465e+05 3.345610e-07 
3.556068e+05 3.846634e-07 
3.588971e+05 4.426216e-07 
3.622180e+05 5.097195e-07 
3.655695e+05 5.874590e-07 
3.689521e+05 6.775981e-07 
3.723660e+05 7.821963e-07 
3.758114e+05 9.036683e-07 
3.792888e+05 1.044847e-06 
3.827983e+05 1.209059e-06 
3.863403e+05 1.400213e-06 
3.899151e+05 1.622904e-06 
3.935229e+05 1.882543e-06 
3.971641e+05 2.185501e-06 
4.008390e+05 2.539285e-06 
4.045479e+05 2.952753e-06 
4.082912e+05 3.436360e-06 
4.120691e+05 4.002459e-06 
4.158819e+05 4.665652e-06 
4.197300e+05 5.443219e-06 
4.236137e+05 6.355620e-06 
4.275334e+05 7.427102e-06 
4.314893e+05 8.686423e-06 
4.354818e+05 1.016771e-05 
4.395113e+05 1.191151e-05 
4.435780e+05 1.396603e-05 
4.476824e+05 1.638859e-05 
4.518247e+05 1.924747e-05 
4.560054e+05 2.262404e-05 
4.602248e+05 2.661530e-05 
4.644832e+05 3.133706e-05 
4.687810e+05 3.692762e-05 
4.731186e+05 4.355233e-05 
4.774963e+05 5.140900e-05 
4.819145e+05 6.073447e-05 
4.863736e+05 7.181255e-05 
4.908740e+05 8.498362e-05 
4.954160e+05 1.006562e-04 
